///
/// @file
/// @copyright All code copyright Movidius Ltd 2012, all rights reserved.
///            For License Warranty see: common/license.txt
///
/// @brief     Shave hello world source code
///

#include <stdio.h>
#include <math.h>
#include <moviVectorUtils.h>
#include "shaveShared.h"

volatile int whichAlgorithm;

__attribute__ ((aligned (16))) volatile int outputLine[IMAGE_WIDTH];

// im = zeros([64,64], 'uint8');
// for y = 1:64
//   im(y, :) = 1 + (y * (1:64)) / 12;
// end
// ii = integralimage(double(im));
__attribute__ ((aligned (16))) const int integralImage[IMAGE_HEIGHT*IMAGE_WIDTH] = {
  1, 2, 3, 4, 5, 7, 9, 11, 13, 15, 17, 19, 21, 23, 25, 27, 29, 32, 35, 38, 41, 44, 47, 50, 53, 56, 59, 62, 65, 69, 73, 77, 81, 85, 89, 93, 97, 101, 105, 109, 113, 118, 123, 128, 133, 138, 143, 148, 153, 158, 163, 168, 173, 179, 185, 191, 197, 203, 209, 215, 221, 227, 233, 239,
  2, 4, 7, 10, 13, 17, 21, 25, 30, 35, 40, 45, 50, 55, 61, 67, 73, 80, 87, 94, 102, 110, 118, 126, 134, 142, 151, 160, 169, 179, 189, 199, 210, 221, 232, 243, 254, 265, 277, 289, 301, 314, 327, 340, 354, 368, 382, 396, 410, 424, 439, 454, 469, 485, 501, 517, 534, 551, 568, 585, 602, 619, 637, 655,
  3, 7, 12, 17, 22, 29, 36, 43, 51, 60, 69, 78, 87, 97, 108, 119, 130, 143, 156, 169, 183, 198, 213, 228, 243, 259, 276, 293, 310, 329, 348, 367, 387, 408, 429, 450, 471, 493, 516, 539, 562, 587, 612, 637, 663, 690, 717, 744, 771, 799, 828, 857, 886, 917, 948, 979, 1011, 1044, 1077, 1110, 1143, 1177, 1212, 1247,
  4, 10, 17, 24, 32, 42, 52, 63, 75, 88, 102, 116, 130, 146, 163, 180, 198, 218, 238, 259, 281, 304, 328, 352, 376, 402, 429, 456, 484, 514, 544, 575, 607, 640, 674, 708, 742, 778, 815, 852, 890, 930, 970, 1011, 1053, 1096, 1140, 1184, 1228, 1274, 1321, 1368, 1416, 1466, 1516, 1567, 1619, 1672, 1726, 1780, 1834, 1890, 1947, 2004,
  5, 13, 22, 32, 43, 57, 71, 86, 103, 121, 141, 161, 181, 204, 228, 253, 279, 308, 337, 367, 399, 432, 467, 502, 537, 575, 614, 654, 695, 739, 783, 828, 875, 923, 973, 1023, 1073, 1126, 1180, 1235, 1291, 1350, 1409, 1469, 1531, 1594, 1659, 1724, 1789, 1857, 1926, 1996, 2067, 2141, 2215, 2290, 2367, 2445, 2525, 2605, 2685, 2768, 2852, 2937,
  7, 17, 29, 42, 57, 75, 94, 114, 137, 161, 188, 215, 243, 274, 307, 341, 377, 416, 456, 497, 541, 586, 634, 682, 731, 783, 837, 892, 949, 1009, 1070, 1132, 1197, 1263, 1332, 1401, 1471, 1544, 1619, 1695, 1773, 1854, 1936, 2019, 2105, 2192, 2282, 2372, 2463, 2557, 2653, 2750, 2849, 2951, 3054, 3158, 3265, 3373, 3484, 3595, 3707, 3822, 3939, 4057,
  9, 21, 36, 52, 71, 94, 118, 144, 173, 204, 238, 273, 310, 350, 393, 437, 484, 535, 587, 641, 698, 757, 819, 882, 947, 1015, 1086, 1158, 1233, 1312, 1392, 1474, 1559, 1646, 1736, 1827, 1920, 2016, 2115, 2215, 2318, 2425, 2533, 2643, 2756, 2871, 2989, 3108, 3229, 3353, 3480, 3608, 3739, 3874, 4010, 4148, 4289, 4432, 4578, 4725, 4874, 5026, 5181, 5337,
  11, 25, 43, 63, 86, 114, 144, 176, 212, 251, 293, 337, 384, 434, 488, 544, 603, 667, 733, 801, 873, 948, 1026, 1106, 1189, 1275, 1365, 1457, 1552, 1652, 1754, 1858, 1966, 2077, 2191, 2307, 2426, 2548, 2674, 2802, 2933, 3069, 3207, 3347, 3491, 3638, 3788, 3940, 4095, 4253, 4415, 4579, 4746, 4918, 5092, 5268, 5448, 5631, 5817, 6005, 6196, 6390, 6588, 6788,
  13, 30, 51, 75, 103, 137, 173, 212, 256, 304, 355, 409, 467, 529, 595, 664, 737, 816, 897, 981, 1070, 1163, 1259, 1358, 1461, 1568, 1679, 1793, 1911, 2035, 2161, 2290, 2424, 2562, 2703, 2847, 2995, 3147, 3303, 3462, 3625, 3794, 3965, 4139, 4318, 4501, 4687, 4876, 5069, 5266, 5467, 5671, 5879, 6093, 6309, 6528, 6752, 6980, 7211, 7445, 7683, 7925, 8171, 8420,
  15, 35, 60, 88, 121, 161, 204, 251, 304, 361, 422, 487, 557, 632, 712, 795, 883, 978, 1076, 1178, 1286, 1398, 1514, 1634, 1759, 1889, 2024, 2162, 2305, 2455, 2608, 2765, 2928, 3095, 3266, 3441, 3621, 3806, 3996, 4189, 4387, 4592, 4800, 5012, 5230, 5452, 5678, 5908, 6143, 6383, 6628, 6876, 7129, 7389, 7652, 7919, 8192, 8469, 8750, 9035, 9325, 9620, 9920, 10223,
  17, 40, 69, 102, 141, 188, 238, 293, 355, 422, 494, 571, 654, 743, 838, 937, 1042, 1155, 1271, 1392, 1520, 1653, 1791, 1934, 2083, 2238, 2399, 2564, 2735, 2914, 3096, 3283, 3477, 3676, 3880, 4089, 4304, 4525, 4752, 4983, 5220, 5465, 5713, 5966, 6226, 6491, 6761, 7036, 7317, 7604, 7897, 8194, 8497, 8808, 9122, 9441, 9767, 10098, 10434, 10775, 11122, 11475, 11834, 12197,
  19, 45, 78, 116, 161, 215, 273, 337, 409, 487, 571, 661, 758, 862, 973, 1089, 1212, 1344, 1480, 1622, 1772, 1928, 2090, 2258, 2433, 2615, 2804, 2998, 3199, 3409, 3623, 3843, 4071, 4305, 4545, 4791, 5044, 5304, 5571, 5843, 6122, 6410, 6702, 7000, 7306, 7618, 7936, 8260, 8591, 8929, 9274, 9624, 9981, 10347, 10717, 11093, 11477, 11867, 12263, 12665, 13074, 13490, 13913, 14341,
  21, 50, 87, 130, 181, 243, 310, 384, 467, 557, 654, 758, 870, 990, 1118, 1252, 1394, 1547, 1705, 1870, 2044, 2225, 2413, 2608, 2811, 3022, 3241, 3466, 3699, 3943, 4192, 4448, 4713, 4985, 5264, 5550, 5844, 6146, 6456, 6772, 7096, 7431, 7771, 8118, 8474, 8837, 9207, 9584, 9969, 10362, 10763, 11170, 11585, 12011, 12442, 12880, 13327, 13781, 14242, 14710, 15186, 15670, 16162, 16660,
  23, 55, 97, 146, 204, 274, 350, 434, 529, 632, 743, 862, 990, 1127, 1274, 1428, 1591, 1766, 1947, 2136, 2336, 2544, 2760, 2984, 3217, 3459, 3711, 3970, 4238, 4518, 4804, 5098, 5403, 5716, 6037, 6366, 6704, 7051, 7408, 7772, 8145, 8530, 8921, 9320, 9730, 10148, 10574, 11008, 11451, 11903, 12365, 12834, 13312, 13802, 14298, 14802, 15317, 15840, 16371, 16910, 17458, 18015, 18582, 19156,
  25, 61, 108, 163, 228, 307, 393, 488, 595, 712, 838, 973, 1118, 1274, 1441, 1616, 1801, 2000, 2206, 2421, 2648, 2885, 3131, 3386, 3651, 3927, 4214, 4509, 4814, 5133, 5459, 5794, 6141, 6498, 6864, 7239, 7624, 8020, 8427, 8842, 9267, 9706, 10152, 10607, 11074, 11551, 12037, 12532, 13037, 13553, 14080, 14615, 15160, 15719, 16285, 16860, 17447, 18044, 18650, 19265, 19890, 20526, 21173, 21828,
  27, 67, 119, 180, 253, 341, 437, 544, 664, 795, 937, 1089, 1252, 1428, 1616, 1813, 2022, 2246, 2478, 2721, 2977, 3244, 3522, 3810, 4109, 4421, 4745, 5078, 5423, 5783, 6151, 6530, 6922, 7325, 7739, 8163, 8598, 9046, 9506, 9975, 10456, 10952, 11456, 11971, 12499, 13038, 13588, 14148, 14719, 15303, 15899, 16504, 17121, 17753, 18393, 19044, 19708, 20383, 21069, 21765, 22472, 23192, 23924, 24665,
  29, 73, 130, 198, 279, 377, 484, 603, 737, 883, 1042, 1212, 1394, 1591, 1801, 2022, 2256, 2507, 2767, 3039, 3326, 3625, 3937, 4260, 4595, 4945, 5308, 5682, 6069, 6473, 6886, 7311, 7751, 8203, 8668, 9144, 9632, 10135, 10651, 11178, 11718, 12275, 12841, 13419, 14012, 14617, 15235, 15864, 16505, 17161, 17830, 18510, 19203, 19913, 20632, 21363, 22109, 22867, 23638, 24420, 25214, 26023, 26845, 27678,
  32, 80, 143, 218, 308, 416, 535, 667, 816, 978, 1155, 1344, 1547, 1766, 2000, 2246, 2507, 2786, 3076, 3379, 3699, 4032, 4380, 4740, 5114, 5504, 5909, 6326, 6758, 7208, 7669, 8143, 8634, 9138, 9657, 10188, 10733, 11294, 11870, 12458, 13061, 13682, 14314, 14959, 15621, 16296, 16986, 17688, 18404, 19136, 19883, 20642, 21416, 22208, 23011, 23827, 24660, 25506, 26367, 27240, 28127, 29030, 29948, 30878,
  35, 87, 156, 238, 337, 456, 587, 733, 897, 1076, 1271, 1480, 1705, 1947, 2206, 2478, 2767, 3076, 3397, 3733, 4087, 4456, 4841, 5240, 5655, 6087, 6536, 6998, 7477, 7976, 8487, 9013, 9557, 10116, 10691, 11280, 11885, 12507, 13146, 13798, 14467, 15156, 15857, 16573, 17307, 18056, 18821, 19600, 20395, 21207, 22036, 22878, 23737, 24616, 25507, 26413, 27337, 28276, 29231, 30200, 31185, 32187, 33206, 34238,
  38, 94, 169, 259, 367, 497, 641, 801, 981, 1178, 1392, 1622, 1870, 2136, 2421, 2721, 3039, 3379, 3733, 4103, 4493, 4900, 5324, 5764, 6222, 6698, 7193, 7703, 8231, 8781, 9345, 9925, 10525, 11142, 11776, 12426, 13094, 13780, 14485, 15205, 15943, 16703, 17477, 18267, 19077, 19904, 20748, 21608, 22486, 23382, 24297, 25227, 26175, 27145, 28129, 29129, 30149, 31186, 32240, 33310, 34398, 35504, 36629, 37769,
  41, 102, 183, 281, 399, 541, 698, 873, 1070, 1286, 1520, 1772, 2044, 2336, 2648, 2977, 3326, 3699, 4087, 4493, 4921, 5368, 5833, 6316, 6819, 7342, 7885, 8445, 9025, 9629, 10248, 10885, 11544, 12222, 12918, 13632, 14366, 15120, 15894, 16685, 17496, 18331, 19181, 20049, 20939, 21848, 22775, 23720, 24685, 25670, 26675, 27697, 28739, 29805, 30886, 31985, 33106, 34246, 35404, 36580, 37776, 38992, 40228, 41481,
  44, 110, 198, 304, 432, 586, 757, 948, 1163, 1398, 1653, 1928, 2225, 2544, 2885, 3244, 3625, 4032, 4456, 4900, 5368, 5856, 6364, 6892, 7442, 8014, 8608, 9220, 9854, 10514, 11191, 11888, 12609, 13350, 14111, 14892, 15695, 16520, 17367, 18232, 19119, 20032, 20962, 21912, 22886, 23880, 24894, 25928, 26984, 28062, 29162, 30280, 31420, 32586, 33769, 34972, 36199, 37446, 38713, 40000, 41309, 42640, 43993, 45364,
  47, 118, 213, 328, 467, 634, 819, 1026, 1259, 1514, 1791, 2090, 2413, 2760, 3131, 3522, 3937, 4380, 4841, 5324, 5833, 6364, 6917, 7492, 8091, 8714, 9361, 10028, 10719, 11438, 12175, 12934, 13719, 14526, 15355, 16206, 17081, 17980, 18903, 19846, 20813, 21808, 22821, 23856, 24917, 26000, 27105, 28232, 29383, 30558, 31757, 32976, 34219, 35490, 36779, 38090, 39427, 40786, 42167, 43570, 44997, 46448, 47923, 49418,
  50, 126, 228, 352, 502, 682, 882, 1106, 1358, 1634, 1934, 2258, 2608, 2984, 3386, 3810, 4260, 4740, 5240, 5764, 6316, 6892, 7492, 8116, 8766, 9442, 10144, 10868, 11618, 12398, 13198, 14022, 14874, 15750, 16650, 17574, 18524, 19500, 20502, 21526, 22576, 23656, 24756, 25880, 27032, 28208, 29408, 30632, 31882, 33158, 34460, 35784, 37134, 38514, 39914, 41338, 42790, 44266, 45766, 47290, 48840, 50416, 52018, 53642,
  53, 134, 243, 376, 537, 731, 947, 1189, 1461, 1759, 2083, 2433, 2811, 3217, 3651, 4109, 4595, 5114, 5655, 6222, 6819, 7442, 8091, 8766, 9469, 10200, 10959, 11742, 12553, 13397, 14263, 15155, 16077, 17025, 17999, 18999, 20027, 21083, 22167, 23275, 24411, 25580, 26771, 27988, 29235, 30508, 31807, 33132, 34485, 35866, 37275, 38708, 40169, 41663, 43179, 44721, 46293, 47891, 49515, 51165, 52843, 54549, 56283, 58041,
  56, 142, 259, 402, 575, 783, 1015, 1275, 1568, 1889, 2238, 2615, 3022, 3459, 3927, 4421, 4945, 5504, 6087, 6698, 7342, 8014, 8714, 9442, 10200, 10988, 11807, 12652, 13527, 14437, 15371, 16333, 17328, 18351, 19402, 20481, 21590, 22729, 23899, 25095, 26321, 27582, 28867, 30180, 31526, 32900, 34302, 35732, 37192, 38682, 40203, 41750, 43327, 44939, 46575, 48239, 49936, 51661, 53414, 55195, 57006, 58847, 60719, 62617,
  59, 151, 276, 429, 614, 837, 1086, 1365, 1679, 2024, 2399, 2804, 3241, 3711, 4214, 4745, 5308, 5909, 6536, 7193, 7885, 8608, 9361, 10144, 10959, 11807, 12688, 13597, 14538, 15517, 16522, 17557, 18627, 19728, 20859, 22020, 23213, 24439, 25698, 26985, 28304, 29661, 31044, 32457, 33905, 35384, 36893, 38432, 40003, 41607, 43244, 44909, 46606, 48341, 50102, 51893, 53719, 55576, 57463, 59380, 61329, 63311, 65326, 67369,
  62, 160, 293, 456, 654, 892, 1158, 1457, 1793, 2162, 2564, 2998, 3466, 3970, 4509, 5078, 5682, 6326, 6998, 7703, 8445, 9220, 10028, 10868, 11742, 12652, 13597, 14572, 15582, 16632, 17710, 18821, 19969, 21150, 22364, 23610, 24890, 26206, 27557, 28938, 30354, 31810, 33294, 34811, 36365, 37952, 39572, 41224, 42910, 44632, 46389, 48176, 49998, 51860, 53750, 55673, 57633, 59626, 61652, 63710, 65802, 67930, 70093, 72286,
  65, 169, 310, 484, 695, 949, 1233, 1552, 1911, 2305, 2735, 3199, 3699, 4238, 4814, 5423, 6069, 6758, 7477, 8231, 9025, 9854, 10719, 11618, 12553, 13527, 14538, 15582, 16663, 17787, 18941, 20130, 21359, 22623, 23923, 25257, 26627, 28036, 29482, 30961, 32477, 34036, 35625, 37249, 38913, 40612, 42347, 44116, 45921, 47765, 49646, 51560, 53511, 55505, 57529, 59588, 61687, 63821, 65991, 68195, 70435, 72714, 75030, 77379,
  69, 179, 329, 514, 739, 1009, 1312, 1652, 2035, 2455, 2914, 3409, 3943, 4518, 5133, 5783, 6473, 7208, 7976, 8781, 9629, 10514, 11438, 12398, 13397, 14437, 15517, 16632, 17787, 18987, 20220, 21490, 22803, 24153, 25542, 26967, 28431, 29936, 31481, 33061, 34681, 36346, 38044, 39779, 41557, 43372, 45226, 47116, 49045, 51015, 53025, 55070, 57155, 59285, 61448, 63648, 65891, 68171, 70490, 72845, 75239, 77674, 80149, 82659,
  73, 189, 348, 544, 783, 1070, 1392, 1754, 2161, 2608, 3096, 3623, 4192, 4804, 5459, 6151, 6886, 7669, 8487, 9345, 10248, 11191, 12175, 13198, 14263, 15371, 16522, 17710, 18941, 20220, 21534, 22888, 24287, 25726, 27206, 28725, 30286, 31890, 33537, 35221, 36948, 38723, 40533, 42383, 44278, 46213, 48189, 50204, 52261, 54361, 56504, 58684, 60907, 63178, 65484, 67830, 70221, 72652, 75124, 77635, 80188, 82784, 85423, 88099,
  77, 199, 367, 575, 828, 1132, 1474, 1858, 2290, 2765, 3283, 3843, 4448, 5098, 5794, 6530, 7311, 8143, 9013, 9925, 10885, 11888, 12934, 14022, 15155, 16333, 17557, 18821, 20130, 21490, 22888, 24328, 25816, 27347, 28921, 30537, 32198, 33904, 35656, 37448, 39285, 41173, 43099, 45067, 47083, 49142, 51244, 53388, 55577, 57811, 60091, 62411, 64776, 67192, 69646, 72142, 74686, 77273, 79903, 82575, 85292, 88054, 90862, 93710,
  81, 210, 387, 607, 875, 1197, 1559, 1966, 2424, 2928, 3477, 4071, 4713, 5403, 6141, 6922, 7751, 8634, 9557, 10525, 11544, 12609, 13719, 14874, 16077, 17328, 18627, 19969, 21359, 22803, 24287, 25816, 27396, 29022, 30693, 32409, 34173, 35985, 37845, 39748, 41699, 43704, 45749, 47839, 49980, 52167, 54399, 56676, 59001, 61374, 63795, 66259, 68771, 71337, 73943, 76594, 79296, 82044, 84837, 87675, 90561, 93495, 96477, 99502,
  85, 221, 408, 640, 923, 1263, 1646, 2077, 2562, 3095, 3676, 4305, 4985, 5716, 6498, 7325, 8203, 9138, 10116, 11142, 12222, 13350, 14526, 15750, 17025, 18351, 19728, 21150, 22623, 24153, 25726, 27347, 29022, 30745, 32516, 34335, 36205, 38126, 40098, 42115, 44183, 46308, 48476, 50692, 52962, 55280, 57646, 60060, 62525, 65041, 67608, 70220, 72883, 75603, 78366, 81177, 84042, 86955, 89916, 92925, 95985, 99096, 102258, 105465,
  89, 232, 429, 674, 973, 1332, 1736, 2191, 2703, 3266, 3880, 4545, 5264, 6037, 6864, 7739, 8668, 9657, 10691, 11776, 12918, 14111, 15355, 16650, 17999, 19402, 20859, 22364, 23923, 25542, 27206, 28921, 30693, 32516, 34390, 36315, 38294, 40327, 42414, 44549, 46738, 48987, 51281, 53626, 56028, 58481, 60985, 63540, 66149, 68812, 71529, 74294, 77113, 79992, 82916, 85891, 88923, 92006, 95140, 98325, 101564, 104857, 108204, 111599,
  93, 243, 450, 708, 1023, 1401, 1827, 2307, 2847, 3441, 4089, 4791, 5550, 6366, 7239, 8163, 9144, 10188, 11280, 12426, 13632, 14892, 16206, 17574, 18999, 20481, 22020, 23610, 25257, 26967, 28725, 30537, 32409, 34335, 36315, 38349, 40440, 42588, 44793, 47049, 49362, 51738, 54162, 56640, 59178, 61770, 64416, 67116, 69873, 72687, 75558, 78480, 81459, 84501, 87591, 90735, 93939, 97197, 100509, 103875, 107298, 110778, 114315, 117903,
  97, 254, 471, 742, 1073, 1471, 1920, 2426, 2995, 3621, 4304, 5044, 5844, 6704, 7624, 8598, 9632, 10733, 11885, 13094, 14366, 15695, 17081, 18524, 20027, 21590, 23213, 24890, 26627, 28431, 30286, 32198, 34173, 36205, 38294, 40440, 42646, 44912, 47238, 49618, 52058, 54565, 57123, 59738, 62416, 65151, 67943, 70792, 73701, 76670, 79699, 82782, 85925, 89135, 92396, 95714, 99095, 102533, 106028, 109580, 113192, 116864, 120596, 124382,
  101, 265, 493, 778, 1126, 1544, 2016, 2548, 3147, 3806, 4525, 5304, 6146, 7051, 8020, 9046, 10135, 11294, 12507, 13780, 15120, 16520, 17980, 19500, 21083, 22729, 24439, 26206, 28036, 29936, 31890, 33904, 35985, 38126, 40327, 42588, 44912, 47299, 49750, 52258, 54829, 57470, 60165, 62920, 65742, 68624, 71566, 74568, 77633, 80761, 83953, 87202, 90514, 93896, 97332, 100828, 104391, 108014, 111697, 115440, 119246, 123115, 127048, 131038,
  105, 277, 516, 815, 1180, 1619, 2115, 2674, 3303, 3996, 4752, 5571, 6456, 7408, 8427, 9506, 10651, 11870, 13146, 14485, 15894, 17367, 18903, 20502, 22167, 23899, 25698, 27557, 29482, 31481, 33537, 35656, 37845, 40098, 42414, 44793, 47238, 49750, 52329, 54968, 57673, 60452, 63288, 66187, 69156, 72189, 75285, 78444, 81669, 84961, 88320, 91739, 95224, 98783, 102399, 106078, 109827, 113640, 117516, 121455, 125460, 129532, 133671, 137870,
  109, 289, 539, 852, 1235, 1695, 2215, 2802, 3462, 4189, 4983, 5843, 6772, 7772, 8842, 9975, 11178, 12458, 13798, 15205, 16685, 18232, 19846, 21526, 23275, 25095, 26985, 28938, 30961, 33061, 35221, 37448, 39748, 42115, 44549, 47049, 49618, 52258, 54968, 57741, 60584, 63504, 66484, 69531, 72651, 75838, 79092, 82412, 85801, 89261, 92791, 96384, 100047, 103787, 107587, 111454, 115394, 119401, 123475, 127615, 131824, 136104, 140454, 144867,
  113, 301, 562, 890, 1291, 1773, 2318, 2933, 3625, 4387, 5220, 6122, 7096, 8145, 9267, 10456, 11718, 13061, 14467, 15943, 17496, 19119, 20813, 22576, 24411, 26321, 28304, 30354, 32477, 34681, 36948, 39285, 41699, 44183, 46738, 49362, 52058, 54829, 57673, 60584, 63568, 66633, 69761, 72959, 76234, 79579, 82995, 86480, 90037, 93669, 97374, 101146, 104991, 108917, 112906, 116965, 121101, 125307, 129584, 133930, 138348, 142841, 147407, 152040,
  118, 314, 587, 930, 1350, 1854, 2425, 3069, 3794, 4592, 5465, 6410, 7431, 8530, 9706, 10952, 12275, 13682, 15156, 16703, 18331, 20032, 21808, 23656, 25580, 27582, 29661, 31810, 34036, 36346, 38723, 41173, 43704, 46308, 48987, 51738, 54565, 57470, 60452, 63504, 66633, 69846, 73126, 76479, 79913, 83420, 87002, 90656, 94386, 98194, 102079, 106034, 110066, 114182, 118365, 122621, 126958, 131368, 135853, 140410, 145043, 149754, 154542, 159400,
  123, 327, 612, 970, 1409, 1936, 2533, 3207, 3965, 4800, 5713, 6702, 7771, 8921, 10152, 11456, 12841, 14314, 15857, 17477, 19181, 20962, 22821, 24756, 26771, 28867, 31044, 33294, 35625, 38044, 40533, 43099, 45749, 48476, 51281, 54162, 57123, 60165, 63288, 66484, 69761, 73126, 76561, 80073, 83669, 87342, 91093, 94920, 98827, 102815, 106884, 111026, 115249, 119560, 123941, 128399, 132941, 137560, 142257, 147030, 151883, 156817, 161832, 166920,
  128, 340, 637, 1011, 1469, 2019, 2643, 3347, 4139, 5012, 5966, 7000, 8118, 9320, 10607, 11971, 13419, 14959, 16573, 18267, 20049, 21912, 23856, 25880, 27988, 30180, 32457, 34811, 37249, 39779, 42383, 45067, 47839, 50692, 53626, 56640, 59738, 62920, 66187, 69531, 72959, 76479, 80073, 83747, 87509, 91352, 95276, 99280, 103368, 107540, 111797, 116131, 120549, 125059, 129643, 134307, 139059, 143892, 148806, 153800, 158878, 164040, 169287, 174611,
  133, 354, 663, 1053, 1531, 2105, 2756, 3491, 4318, 5230, 6226, 7306, 8474, 9730, 11074, 12499, 14012, 15621, 17307, 19077, 20939, 22886, 24917, 27032, 29235, 31526, 33905, 36365, 38913, 41557, 44278, 47083, 49980, 52962, 56028, 59178, 62416, 65742, 69156, 72651, 76234, 79913, 83669, 87509, 91441, 95458, 99559, 103744, 108017, 112378, 116827, 121357, 125975, 130689, 135480, 140355, 145322, 150374, 155510, 160730, 166038, 171434, 176918, 182483,
  138, 368, 690, 1096, 1594, 2192, 2871, 3638, 4501, 5452, 6491, 7618, 8837, 10148, 11551, 13038, 14617, 16296, 18056, 19904, 21848, 23880, 26000, 28208, 30508, 32900, 35384, 37952, 40612, 43372, 46213, 49142, 52167, 55280, 58481, 61770, 65151, 68624, 72189, 75838, 79579, 83420, 87342, 91352, 95458, 99652, 103934, 108304, 112766, 117320, 121966, 126696, 131518, 136440, 141443, 146534, 151721, 156996, 162359, 167810, 173353, 178988, 184715, 190526,
  143, 382, 717, 1140, 1659, 2282, 2989, 3788, 4687, 5678, 6761, 7936, 9207, 10574, 12037, 13588, 15235, 16986, 18821, 20748, 22775, 24894, 27105, 29408, 31807, 34302, 36893, 39572, 42347, 45226, 48189, 51244, 54399, 57646, 60985, 64416, 67943, 71566, 75285, 79092, 82995, 87002, 91093, 95276, 99559, 103934, 108401, 112960, 117615, 122366, 127213, 132148, 137179, 142314, 147533, 152844, 158255, 163758, 169353, 175040, 180823, 186702, 192677, 198740,
  148, 396, 744, 1184, 1724, 2372, 3108, 3940, 4876, 5908, 7036, 8260, 9584, 11008, 12532, 14148, 15864, 17688, 19600, 21608, 23720, 25928, 28232, 30632, 33132, 35732, 38432, 41224, 44116, 47116, 50204, 53388, 56676, 60060, 63540, 67116, 70792, 74568, 78444, 82412, 86480, 90656, 94920, 99280, 103744, 108304, 112960, 117712, 122564, 127516, 132568, 137712, 142956, 148308, 153748, 159284, 164924, 170660, 176492, 182420, 188448, 194576, 200804, 207122,
  153, 410, 771, 1228, 1789, 2463, 3229, 4095, 5069, 6143, 7317, 8591, 9969, 11451, 13037, 14719, 16505, 18404, 20395, 22486, 24685, 26984, 29383, 31882, 34485, 37192, 40003, 42910, 45921, 49045, 52261, 55577, 59001, 62525, 66149, 69873, 73701, 77633, 81669, 85801, 90037, 94386, 98827, 103368, 108017, 112766, 117615, 122564, 127617, 132774, 138035, 143392, 148853, 154427, 160093, 165859, 171733, 177707, 183781, 189955, 196233, 202615, 209098, 215671,
  158, 424, 799, 1274, 1857, 2557, 3353, 4253, 5266, 6383, 7604, 8929, 10362, 11903, 13553, 15303, 17161, 19136, 21207, 23382, 25670, 28062, 30558, 33158, 35866, 38682, 41607, 44632, 47765, 51015, 54361, 57811, 61374, 65041, 68812, 72687, 76670, 80761, 84961, 89261, 93669, 98194, 102815, 107540, 112378, 117320, 122366, 127516, 132774, 138140, 143615, 149190, 154873, 160673, 166569, 172569, 178682, 184899, 191220, 197645, 204178, 210815, 217553, 224381,
  163, 439, 828, 1321, 1926, 2653, 3480, 4415, 5467, 6628, 7897, 9274, 10763, 12365, 14080, 15899, 17830, 19883, 22036, 24297, 26675, 29162, 31757, 34460, 37275, 40203, 43244, 46389, 49646, 53025, 56504, 60091, 63795, 67608, 71529, 75558, 79699, 83953, 88320, 92791, 97374, 102079, 106884, 111797, 116827, 121966, 127213, 132568, 138035, 143615, 149308, 155105, 161014, 167045, 173176, 179415, 185771, 192236, 198809, 205489, 212277, 219169, 226162, 233245,
  168, 454, 857, 1368, 1996, 2750, 3608, 4579, 5671, 6876, 8194, 9624, 11170, 12834, 14615, 16504, 18510, 20642, 22878, 25227, 27697, 30280, 32976, 35784, 38708, 41750, 44909, 48176, 51560, 55070, 58684, 62411, 66259, 70220, 74294, 78480, 82782, 87202, 91739, 96384, 101146, 106034, 111026, 116131, 121357, 126696, 132148, 137712, 143392, 149190, 155105, 161128, 167268, 173534, 179904, 186387, 192991, 199708, 206536, 213471, 220514, 227661, 234909, 242247,
  173, 469, 886, 1416, 2067, 2849, 3739, 4746, 5879, 7129, 8497, 9981, 11585, 13312, 15160, 17121, 19203, 21416, 23737, 26175, 28739, 31420, 34219, 37134, 40169, 43327, 46606, 49998, 53511, 57155, 60907, 64776, 68771, 72883, 77113, 81459, 85925, 90514, 95224, 100047, 104991, 110066, 115249, 120549, 125975, 131518, 137179, 142956, 148853, 154873, 161014, 167268, 173643, 180149, 186763, 193494, 200351, 207323, 214406, 221596, 228894, 236296, 243799, 251392,
  179, 485, 917, 1466, 2141, 2951, 3874, 4918, 6093, 7389, 8808, 10347, 12011, 13802, 15719, 17753, 19913, 22208, 24616, 27145, 29805, 32586, 35490, 38514, 41663, 44939, 48341, 51860, 55505, 59285, 63178, 67192, 71337, 75603, 79992, 84501, 89135, 93896, 98783, 103787, 108917, 114182, 119560, 125059, 130689, 136440, 142314, 148308, 154427, 160673, 167045, 173534, 180149, 186899, 193762, 200746, 207858, 215085, 222423, 229868, 237421, 245078, 252836, 260684,
  185, 501, 948, 1516, 2215, 3054, 4010, 5092, 6309, 7652, 9122, 10717, 12442, 14298, 16285, 18393, 20632, 23011, 25507, 28129, 30886, 33769, 36779, 39914, 43179, 46575, 50102, 53750, 57529, 61448, 65484, 69646, 73943, 78366, 82916, 87591, 92396, 97332, 102399, 107587, 112906, 118365, 123941, 129643, 135480, 141443, 147533, 153748, 160093, 166569, 173176, 179904, 186763, 193762, 200878, 208117, 215484, 222966, 230559, 238259, 246067, 253979, 261992, 270095,
  191, 517, 979, 1567, 2290, 3158, 4148, 5268, 6528, 7919, 9441, 11093, 12880, 14802, 16860, 19044, 21363, 23827, 26413, 29129, 31985, 34972, 38090, 41338, 44721, 48239, 51893, 55673, 59588, 63648, 67830, 72142, 76594, 81177, 85891, 90735, 95714, 100828, 106078, 111454, 116965, 122621, 128399, 134307, 140355, 146534, 152844, 159284, 165859, 172569, 179415, 186387, 193494, 200746, 208117, 215611, 223233, 230970, 238818, 246773, 254836, 263003, 271271, 279629,
  197, 534, 1011, 1619, 2367, 3265, 4289, 5448, 6752, 8192, 9767, 11477, 13327, 15317, 17447, 19708, 22109, 24660, 27337, 30149, 33106, 36199, 39427, 42790, 46293, 49936, 53719, 57633, 61687, 65891, 70221, 74686, 79296, 84042, 88923, 93939, 99095, 104391, 109827, 115394, 121101, 126958, 132941, 139059, 145322, 151721, 158255, 164924, 171733, 178682, 185771, 192991, 200351, 207858, 215484, 223233, 231110, 239102, 247205, 255415, 263733, 272155, 280678, 289291,
  203, 551, 1044, 1672, 2445, 3373, 4432, 5631, 6980, 8469, 10098, 11867, 13781, 15840, 18044, 20383, 22867, 25506, 28276, 31186, 34246, 37446, 40786, 44266, 47891, 51661, 55576, 59626, 63821, 68171, 72652, 77273, 82044, 86955, 92006, 97197, 102533, 108014, 113640, 119401, 125307, 131368, 137560, 143892, 150374, 156996, 163758, 170660, 177707, 184899, 192236, 199708, 207323, 215085, 222966, 230970, 239102, 247349, 255707, 264172, 272745, 281422, 290200, 299068,
  209, 568, 1077, 1726, 2525, 3484, 4578, 5817, 7211, 8750, 10434, 12263, 14242, 16371, 18650, 21069, 23638, 26367, 29231, 32240, 35404, 38713, 42167, 45766, 49515, 53414, 57463, 61652, 65991, 70490, 75124, 79903, 84837, 89916, 95140, 100509, 106028, 111697, 117516, 123475, 129584, 135853, 142257, 148806, 155510, 162359, 169353, 176492, 183781, 191220, 198809, 206536, 214406, 222423, 230559, 238818, 247205, 255707, 264320, 273040, 281868, 290800, 299833, 308956,
  215, 585, 1110, 1780, 2605, 3595, 4725, 6005, 7445, 9035, 10775, 12665, 14710, 16910, 19265, 21765, 24420, 27240, 30200, 33310, 36580, 40000, 43570, 47290, 51165, 55195, 59380, 63710, 68195, 72845, 77635, 82575, 87675, 92925, 98325, 103875, 109580, 115440, 121455, 127615, 133930, 140410, 147030, 153800, 160730, 167810, 175040, 182420, 189955, 197645, 205489, 213471, 221596, 229868, 238259, 246773, 255415, 264172, 273040, 282015, 291098, 300285, 309573, 318951,
  221, 602, 1143, 1834, 2685, 3707, 4874, 6196, 7683, 9325, 11122, 13074, 15186, 17458, 19890, 22472, 25214, 28127, 31185, 34398, 37776, 41309, 44997, 48840, 52843, 57006, 61329, 65802, 70435, 75239, 80188, 85292, 90561, 95985, 101564, 107298, 113192, 119246, 125460, 131824, 138348, 145043, 151883, 158878, 166038, 173353, 180823, 188448, 196233, 204178, 212277, 220514, 228894, 237421, 246067, 254836, 263733, 272745, 281868, 291098, 300436, 309878, 319421, 329054,
  227, 619, 1177, 1890, 2768, 3822, 5026, 6390, 7925, 9620, 11475, 13490, 15670, 18015, 20526, 23192, 26023, 29030, 32187, 35504, 38992, 42640, 46448, 50416, 54549, 58847, 63311, 67930, 72714, 77674, 82784, 88054, 93495, 99096, 104857, 110778, 116864, 123115, 129532, 136104, 142841, 149754, 156817, 164040, 171434, 178988, 186702, 194576, 202615, 210815, 219169, 227661, 236296, 245078, 253979, 263003, 272155, 281422, 290800, 300285, 309878, 319575, 329373, 339261,
  233, 637, 1212, 1947, 2852, 3939, 5181, 6588, 8171, 9920, 11834, 13913, 16162, 18582, 21173, 23924, 26845, 29948, 33206, 36629, 40228, 43993, 47923, 52018, 56283, 60719, 65326, 70093, 75030, 80149, 85423, 90862, 96477, 102258, 108204, 114315, 120596, 127048, 133671, 140454, 147407, 154542, 161832, 169287, 176918, 184715, 192677, 200804, 209098, 217553, 226162, 234909, 243799, 252836, 261992, 271271, 280678, 290200, 299833, 309573, 319421, 329373, 339426, 349569,
  239, 655, 1247, 2004, 2937, 4057, 5337, 6788, 8420, 10223, 12197, 14341, 16660, 19156, 21828, 24665, 27678, 30878, 34238, 37769, 41481, 45364, 49418, 53642, 58041, 62617, 67369, 72286, 77379, 82659, 88099, 93710, 99502, 105465, 111599, 117903, 124382, 131038, 137870, 144867, 152040, 159400, 166920, 174611, 182483, 190526, 198740, 207122, 215671, 224381, 233245, 242247, 251392, 260684, 270095, 279629, 289291, 299068, 308956, 318951, 329054, 339261, 349569, 359967};

int main( void )
{
  if(whichAlgorithm == 1) {
    testIntegralImage();
  }

  return 0;
}